2050
5803
4103
8
7852
6154
6155
13
6159
4115
20
2071
8216
4121
2735
28
29
6176
6177
4443
2084
4140
8237
6190
2095
2097
8243
55
6836
5033
411
4157
63
9002
8260
2742
8262
73
8267
76
77
78
79
2128
81
85
2134
3769
4185
91
6236
8293
2151
6250
701
4208
2408
115
116
8310
4116
8554
6271
6274
2179
132
133
2189
7875
4247
8344
6852
6299
4252
4255
5211
8238
8357
6311
8361
6318
6319
4273
3443
4276
4279
8376
6331
2237
4286
6335
6337
4291
198
33
2254
207
2424
6354
2083
6356
4309
7545
3108
218
1712
2268
6365
1061
4320
4781
7571
229
8422
8423
6376
4329
236
6381
6382
240
8433
8434
4340
383
8444
6400
6401
8918
262
3457
266
4364
6414
4367
6418
4371
4142
2327
280
9011
3419
8475
284
5850
6431
6433
4386
2339
6436
6444
2351
392
309
6454
1417
312
6459
4413
8510
2367
4416
2371
326
8519
328
329
4426
5175
8525
6478
6479
337
2386
339
8533
4153
7908
347
349
2398
8551
3217
4458
8562
6547
373
4470
6520
2427
4377
382
8575
5458
6531
2195
2440
6539
8590
8145
8595
1774
6551
6552
7856
412
4509
2463
936
6562
419
421
6567
4520
6573
4526
628
4530
6583
8632
6585
6595
4243
8646
2124
8651
8653
8656
2517
6614
6615
473
8954
2528
481
4579
8676
4581
8678
6632
3836
2540
6637
6638
6644
6645
8694
1449
6649
835
2555
6653
8277
8706
8708
6663
523
2573
8718
2576
8721
2579
8724
8725
534
7451
6681
538
546
2595
6693
4529
6224
6906
2823
6702
8751
6707
6429
8760
8763
4668
8765
575
8768
4673
4677
6605
2634
2829
593
9998
598
4537
4696
3172
4698
4699
8798
6753
4706
614
5135
4713
6762
8945
622
623
6768
8817
4723
8820
4726
7615
2687
2689
8834
8835
9949
4742
8840
2697
8844
8845
655
4659
451
8853
3524
8858
8859
8860
8862
8865
4770
8867
676
2728
2730
2733
8878
4783
4786
4787
692
6837
6838
4791
8892
2749
6229
4800
2754
2756
4805
4598
2761
6860
6862
8911
4818
5923
6868
4821
726
730
8924
4830
8927
4833
6883
4836
8933
8937
4846
1149
6896
2801
6900
2806
2810
6907
4906
8661
2821
2822
6919
777
781
4879
4227
793
6940
797
4894
6960
6954
9003
9006
4911
816
4915
823
824
5940
9018
2875
8211
6624
6779
9029
841
1119
4940
4942
1165
6992
8348
4947
852
7000
484
858
859
9052
2909
2915
4964
7013
7014
871
2920
1120
4971
2924
2926
879
8680
7026
4979
4982
9080
9083
892
4991
7463
7042
9091
4996
9094
7047
371
7053
2958
4589
5008
913
914
915
2964
9109
8345
920
923
9237
927
9121
2979
2983
7080
7081
5035
942
5039
944
7092
2997
954
9150
2549
3011
9156
9157
32
3016
5065
9163
7117
9166
7120
5073
978
5075
7127
5080
5081
3988
9182
6309
3041
995
5092
7143
5166
7148
1007
5105
3058
7155
9207
3064
7161
5244
9212
5120
3075
1029
9226
4467
7181
1039
3090
9236
7189
3094
5144
7059
9245
5153
5156
3109
9255
9257
5162
7211
3117
7214
5172
9270
1079
7226
3935
6651
5189
3143
5192
6327
6669
5531
3155
9300
9303
7256
3161
5210
9307
7262
869
3168
9744
5220
5221
3176
3260
9328
5233
9406
3191
4948
7291
9340
3197
4863
9346
7659
7303
2971
7309
9359
7313
7363
7316
9365
9367
1177
5275
9372
3229
3230
5283
6342
1194
2247
4978
1198
3247
5296
3251
5300
7349
9398
3257
1099
5322
1214
7359
3264
5313
1219
3268
7367
3274
8738
3285
1240
7385
5339
7390
7393
891
7396
7397
4305
1256
3305
551
7404
4306
9455
5360
1576
2259
9460
5366
6697
9467
9468
3325
2261
7424
1281
3330
1286
3706
5385
1290
9522
9484
7437
1303
7449
9498
3355
7456
5412
9509
3633
4999
3372
7470
5425
5426
7475
5430
5435
5436
1341
7487
7488
7491
1348
3397
5446
1352
7499
9101
6712
1362
2068
3413
3417
3418
911
3420
5470
912
5486
9789
7675
9389
7539
3445
9593
4671
3454
1408
9792
3458
7557
1415
7561
9611
5516
9794
5518
1423
320
5521
9619
9621
7577
7579
5535
5536
7586
3491
3492
7593
1450
1451
9645
7600
3505
5555
937
585
4415
867
1469
9663
3520
9668
7414
5576
5232
3118
7628
5582
1488
5587
3541
4687
3549
1504
7649
9698
2299
9701
7655
6396
5610
6055
7660
4560
3567
5616
9713
9811
3572
3575
1530
6925
1534
9462
9131
7685
7687
5643
3596
1549
6061
7696
2984
4697
1562
943
7708
1570
4358
8113
9768
7723
5681
7730
7731
5044
6410
4021
3648
3650
9483
667
5703
7754
1613
7760
7761
5715
7764
7765
7766
3671
1627
9822
7775
5731
7782
9832
9835
1644
3693
1646
4712
3699
2665
5753
9850
3007
1661
7806
7807
7808
7787
1668
1670
8580
7447
5772
9869
5775
1680
8472
9875
9878
2329
9881
4605
6262
3742
7840
1307
1700
5797
7847
5801
3248
1707
9900
8477
9904
7857
2675
5814
1719
4724
3770
7869
3775
3776
9504
1731
9925
9927
7880
3785
3788
3789
9936
5843
7892
5846
5849
3802
1755
1757
5854
1759
3810
2683
9956
7909
9958
2001
8515
1771
7918
7919
979
5876
9974
5880
3833
1788
7935
3846
1802
642
7950
3856
3857
5908
3374
3865
6106
5448
1826
3875
3718
7975
7977
1836
3378
3886
3888
3889
5938
1844
5943
3897
5770
3902
8002
1859
5960
1867
5966
5969
8018
5415
8028
1887
1894
657
9532
3946
8043
5997
5998
9533
3955
8053
6007
6011
6013
8063
3968
9202
1922
3974
1930
7831
3093
3986
9539
9680
3737
8088
9612
1953
8098
2715
6053
3202
8103
1960
7154
4014
4017
6814
4425
1976
6074
8123
8124
6077
6084
6091
2673
4049
2382
1017
8153
4058
4059
6109
6114
4067
2021
3477
8169
1703
3410
2318
2035
8181
8182
8186
6139
4094
2389