128
20
15
156
116
132
43
78
121
180
64
24
178
2
49
168
11
122
45
178
22
82
5
107
86
184
184
44
75
135
103
91
168
1
10
112
49
54
83
116
97
145
81
50
146
6
116
126
137
77
101
8
62
62
77
110
177
157
114
112
184
70
62
144
63
54
93
32
72
95
166
151
17
40
62
98
29
199
146
21
174
54
148
132
153
124
120
164
28
87
98
120
104
102
19
166
187
113
6
29
184
81
4
56
174
199
191
180
105
75
43
196
45
176
145
29
141
194
39
164
80
20
170
170
58
81
165
115
5
198
56
149
128
99
123
187
181
9
65
26
8
154
103
57
79
27
125
40
41
59
159
195
173
78
78
148
156
53
24
24
78
4
148
148
178
128
88
132
71
23
95
141
182
80
45
64
80
91
185
93
89
112
24
153
192
120
152
88
190
104
191
27
53
110
196
25
144
136
111
124
113
98
156
145
38
126
200
184
182
13
1
93
85
58
122
21
38
26
155
103
2
47
17
83
71
164
162
175
146
183
190
155
26
183
37
12
63
2
41
24
5
19
131
153
186
18
144
15
128
29
176
113
53
143
93
52
174
50
38
163
85
61
193
164
40
79
173
169
110
92
173
63
109
6
68
133
85
1
90
96
127
22
129
130
183
179
67
20
127
141
46
105
189
48
54
160
106
122
61
76
103
57
67
26
10
34
168
7
77
129
155
165
16
69
5
95
41
21
187
116
174
187
109
183
13
155
77
144
60
153
122
17
130
189
147
113
44
169
143
3
19
24
131
178
63
48
126
75
192
3
132
123
163
73
2
170
120
103
120
149
76
144
190
115
28
163
114
59
81
123
133
65
130
62
76
193
108
90
48
24
179
125
64
74
156
184
105
44
170
48
115
198
184
102
116
164
73
57
108
4
30
12
101
30
25
33
122
186
102
36
116
149
33
89
39
82
138
85
176
111
51
172
137
145
194
135
55
50
154
154
68
16
98
90
74
98
145
57
51
163
2
185
84
112
143
103
180
32
113
34
7
53
88
9
126
65
34
187
120
127
166
116
17
123
56
88
144
80
103
59
197
20
182
113
174
97
198
128
103
127
73
147
4
102
127
50
179
180
31
144
168
8
141
152
88
117
93
172
100
80
174
79
45
55
178
144
42
192
127
29
138
197
116
144
143
50
50
71
137
48
172
138
81
3
172
28
150
64
39
171
40
96
143
13
25
86
136
130
86
186
40
75
118
9
176
91
130
102
89
132
3
92
49
178
26
124
43
191
119
148
90
22
94
53
174
44
94
194
8
64
55
169
21
63
138
53
1
130
18
97
159
151
96
39
63
5
29
187
94
31
91
198
64
184
165
199
114
137
137
68
173
148
165
37
61
60
22
1
134
128
182
151
55
98
168
99
122
13
95
69
72
165
200
39
65
125
133
8
74
153
142
135
45
121
135
184
4
82
99
6
83
103
190
138
175
73
132
63
122
182
88
117
112
113
165
175
92
56
42
173
151
15
88
141
37
80
23
129
187
40
84
37
178
75
176
56
179
36
7
21
196
69
71
50
2
167
166
101
19
39
114
107
135
143
29
89
179
17
16
28
187
29
132
200
170
52
101
133
36
121
66
27
181
176
84
172
198
141
132
200
94
69
130
21
192
175
114
52
105
134
113
124
86
171
9
164
118
65
19
78
47
114
67
93
51
199
136
150
11
52
160
81
99
16
160
88
178
105
114
89
54
159
69
85
33
127
153
109
164
155
83
29
61
96
167
110
74
156
107
75
116
156
134
73
113
98
111
198
25
87
73
31
107
20
26
16
120
11
130
30
19
112
170
87
155
168
105
187
73
7
197
142
62
25
142
132
93
103
149
112
166
164
142
22
53
155
74
94
39
111
158
17
27
196
16
14
152
143
49
131
164
171
154
114
75
43
11
12
57
134
50
22
24
184
77
98
26
2
122
122
38
161
174
133
23
79
110
77
84
7
22
76
54
80
164
101
83
152
18
29
71
137
4
47
86
87
151
164
156
199
117
134
11
117
17
143
92
128
55
94
75
168
40
94
105
52
146
20
100
110
79
60
42
27
53
148
170
75
20
181
178
138
159
75
152
44
179
94
88
185
60
125
94
193
156
162
33
36
165
93
37
98
158
160
72
99
85
54
16
93
77
57
161
26
60
24
78
111
90
177
74
47
189
15
125
35
129
105
83
107
158
14
194
43
155
90
196
150
114
142
7
65
46
54
148
61
77
64
101
35
3
117
98
29
160
23
175
71
63
7